1 4
2 6
3 2
4 8
5 4
6 11
7 6
8 13
9 8
10 9
11 17
12 13
13 19
14 13
15 14
16 15
17 22
18 17
19 24
20 13
21 20
22 28
23 22
24 30
25 24
26 20
27 26
28 35
29 35
30 35
31 30
32 31
33 26
34 35
35 40
36 35
37 36
38 33
39 40
40 45
41 40
42 41
43 44
44 45
45 48
46 45
47 48
48 51
49 48
50 51
51 54
52 51
53 56
54 55
55 57
56 60
57 61
58 57
59 60
60 64
61 66
62 68
63 64
64 65
65 71
66 67
67 73
68 74
69 68
70 71
71 78
72 79
73 74
74 75
75 76
76 77
77 85
78 79
79 91
80 73
81 74
82 75
83 76
84 85
85 86
86 87
87 88
88 100
89 103
90 91
91 106
92 106
93 107
94 95
95 96
96 97
97 98
98 99
99 100
100 114
101 100
102 117
103 118
104 119
105 106
106 107
107 123
108 123
109 124
110 126
111 126
112 113
113 128
114 113
115 116
116 131
117 133
118 134
119 134
120 135
121 122
122 123
123 139
124 139
125 140
126 141
127 142
128 129
129 115
130 145
131 146
132 131
133 149
134 149
135 150
136 151
137 138
138 139
139 140
140 141
141 142
142 157
143 158
144 159
145 160
146 160
147 146
148 149
149 150
150 151
151 152
152 167
153 167
154 168
155 169
156 157
157 158
158 159
159 160
160 161
161 175
162 161
163 162
164 151
165 151
166 152
167 168
168 169
169 183
170 171
171 158
172 173
173 174
174 175
175 189
176 175
177 194
178 194
179 195
180 181
181 182
182 183
183 199
184 183
185 186
186 187
187 202
188 187
189 188
190 189
191 209
192 210
193 211
194 212
195 213
196 214
197 215
198 216
199 217
200 218
201 219
202 201
203 202
204 203
205 204
206 205
207 208
208 209
209 210
210 211
211 212
212 213
213 214
214 215
215 216
216 233
217 233
218 234
219 218
220 219
221 220
222 221
223 222
224 240
225 241
226 242
227 242
228 243
229 230
230 246
231 246
232 247
233 234
234 249
235 234
236 235
237 236
238 253
239 253
240 241
241 242
242 243
243 258
244 259
245 246
246 247
247 248
248 249
249 263
250 249
251 250
252 267
253 268
254 269
255 269
256 270
257 271
258 272
259 274
260 274
261 262
262 263
263 277
264 263
265 264
266 267
267 283
268 283
269 270
270 271
271 287
272 287
273 288
274 289
275 276
276 277
277 291
278 277
279 278
280 279
281 282
282 283
283 269
284 285
285 286
286 287
287 288
288 289
289 290
290 291
291 0
292 277
293 292
294 293
295 282
296 282
297 298
298 299
299 300
300 301
301 289
302 289
303 292
304 293
305 297
306 299
307 300
308 300
309 303
310 307
311 308
